    1   c     0.009757    0.004675    0.039896
    2   c     1.537621   -0.044423    0.052119
    3   c     2.082553    1.255147    0.032779
    4   c     0.978003    2.223085    0.007465
    5   c    -0.238959    1.512514    0.011312
    6   c    -1.449284    2.196606   -0.009929
    7   c    -1.442284    3.596408   -0.034947
    8   c    -0.233743    4.300575   -0.038624
    9   c     0.985297    3.619162   -0.017553
   10   h     1.921761    4.171435   -0.020677
   11   h    -0.243293    5.387194   -0.058130
   12   h    -2.383239    4.139964   -0.051688
   13   h    -2.394560    1.658417   -0.007441
   14   c     3.465719    1.446136    0.039353
   15   c     4.301536    0.327427    0.065408
   16   c     3.762060   -0.962970    0.084706
   17   c     2.375132   -1.154071    0.078123
   18   h     1.966173   -2.161849    0.093214
   19   h     4.424676   -1.824180    0.104905
   20   h     5.380166    0.460619    0.070783
   21   h     3.889652    2.447112    0.024463
   22   c    -0.584656   -0.641007    1.312001
   23   h    -0.189582   -0.167328    2.216301
   24   h    -1.676341   -0.541982    1.322677
   25   h    -0.343820   -1.709673    1.352070
   26   c    -0.565371   -0.685656   -1.217553
   27   h    -0.324895   -1.755220   -1.216038
   28   h    -1.656675   -0.586603   -1.248819
   29   h    -0.155754   -0.244505   -2.131788

