C -0.22112297    -0.1140860125   0.0236394749
C  2.5277221607  -0.1044965206   0.1022060946
H  1.1282724966   1.5482447833   0.0954948835
H  1.2094797819   0.6620025927  -1.4027963547
C -0.3451930894  -1.6294088146  -0.1453078106
C  2.9315723752  -1.2983985693  -0.7662208899
C  3.2362617685  -2.4186051777   0.0298506538
C -0.7940140611  -2.2281450636   1.0496079729
C -0.9716963553  -1.1816356385   2.0627081082
C  3.0458104183  -2.0535602395   1.4380822915
C  2.620911436   -0.7108080203   1.5039700425
C -0.6323761588   0.0576880416   1.4878126939
C -0.7606649087   1.2300313234   2.2249421619
C  2.4367784729  -0.0998738823   2.7401106336
C -1.2072943895   1.1593942937   3.5498381253
C  2.6454519468  -0.841071354    3.9081510529
C  3.047790869   -2.1789259876   3.8395532499
C -1.5278606364  -0.0748359137   4.1250316253
C -1.4161725837  -1.2534966286   3.3840436963
C  3.2554530873  -2.7933855482   2.6035635428
H  3.5820429096  -3.8291198542   2.5533492432
H -1.675406492   -2.2091661619   3.8326332209
H -1.8733202719  -0.1160969563   5.1547613702
H  3.2061111876  -2.7424416526   4.7554724872
H -1.3093003622   2.070197263    4.1341795133
H  2.4910904454  -0.3722817792   4.8761780193
H -0.5203614782   2.1960150592   1.785373479
H  2.1203385074   0.9366505237   2.8083991032
C -1.0319861414  -3.6024899066   1.1134462814
C  3.6640226295  -3.6112375847  -0.556313678
C -0.828748029   -4.3765809739  -0.0302145454
C  3.7935852237  -3.6737486207  -1.9454901512
C -0.4030546391  -3.7819716385  -1.2226221337
C  3.5075558291  -2.5563037127  -2.7368746971
C  3.0775877263  -1.3611883823  -2.1478545305
C -0.16638809    -2.404613606   -1.2865044948
H  2.8634957608  -0.4965977455  -2.772877921
H  0.1669553024  -1.9580447483  -2.2186391349
H -0.2524402032  -4.3939768445  -2.1077553716
H  3.6232362919  -2.61477344    -3.8160447616 
H -1.0087566265  -5.4479755231   0.0043437962
H  4.1261150436  -4.5959082192  -2.4149828136
H -1.3767772977  -4.0645253526   2.0351465674
H  3.8960680863  -4.4796330241   0.0550774126
C -1.2744975027   0.5884676531  -0.8763464504
H -2.2832165435   0.238935322   -0.6358965922
H -1.2462834558   1.6753665887  -0.7335856455
H -1.0819412029   0.3794529448  -1.9348790391
C  1.1615355809   0.5300541712  -0.313886975
C  3.6019128972   1.008054016   -0.0450644632
H  3.5991315704   1.420703815   -1.0610056379
H  3.4088760125   1.8286390004   0.6555073963
H  4.6009676708   0.610891706    0.1592398991

