C   -0.0082710175  -0.5422587824   0.3641287574
C    2.7039498203   0.0372277579   0.3446884871
H    1.0082694725   1.2912740017   0.829600211
H    1.134100082    0.8507153654  -0.8526435311
C   -2.6993414262  -0.1471418996  -0.1744503275
H    3.314022396    2.0045253284  -0.4222585609
H   -0.9757494189  -0.0034447201  -1.4761024906
H    3.2177127164   1.9227660757   1.3482234875
H    4.5791984861   1.1662889921   0.4970553138
H   -1.0795469429   1.2419631413  -0.2615640171
C   -0.2770035941  -0.7991493573   1.8489740985
C   -3.262815606    0.5018363557   1.0923978274
C    3.0705155892  -0.8554749156   1.5326742008
C   -3.9405045983  -0.4455826679   1.882553721
C    3.7758103572  -1.9960460821   1.0971117287
C   -0.1944720812  -2.1741038719   2.141022311
C    0.1163665587  -2.8974521962   0.9044312563
C    3.8943296758  -1.9476191073  -0.3642946817
C   -3.8535695057  -1.751263819    1.2196047517
C    3.2649724617  -0.7757925869  -0.8243410333
C   -3.1176270606  -1.6055604169   0.0257106034
C    0.228762862   -1.9663032337  -0.1458697709
C    0.4921107671  -2.4054367975  -1.4395841555
C   -2.9520745013  -2.6933207113  -0.8255465483
C    3.2758088646  -0.4613343623  -2.1791481684
C    0.6570497136  -3.774105571   -1.6785529794
C    3.8970792727  -1.3349750942  -3.07943619
C   -3.4922902206  -3.9324668954  -0.4653880975
C    4.5079773908  -2.5075022393  -2.6223005371
C   -4.203928536   -4.0791565941   0.729894885
C    0.5505242374  -4.6957007475  -0.6316173912
C    0.2783525289  -4.2631753424   0.6673909952
C   -4.3938757529  -2.9876268234   1.5787388821
C    4.5144551512  -2.8196036457  -1.2610245258
H    4.9981497329  -3.7274555933  -0.9094341405
H   -4.9596417447  -3.1002428601   2.5002272441
H    0.188017327   -4.9820316148   1.4776645121
H    0.68108616    -5.7562838056  -0.8311246561
H   -4.6172334401  -5.0485113259   0.9965176101
H    4.9875644163  -3.1772158494  -3.3314668555
H    0.8767629378  -4.1210147561  -2.6846201757
H    3.9086706748  -1.0981457317  -4.1402214996
H   -3.3527668107  -4.7885372895  -1.1197981993
H    0.5884297338  -1.7017770909  -2.2616020169
H    2.8092511673   0.4510146941  -2.545417765
H   -2.3951751147  -2.597067443   -1.7524616177
C   -0.3865985712  -2.6394432541   3.4425712301
C   -4.5689305689  -0.0619642974   3.0687220582
C    4.2673276704  -2.9257520207   2.0156306158
C   -0.6588675731  -1.7185405521   4.4557480214
C   -4.5219548366   1.2790009294   3.4561605564
C    4.0596131632  -2.7030691972   3.3777281878
C   -0.7361281656  -0.3513284045   4.170147137
C   -3.8635922707   2.2249826405   2.6632520539
C    3.379566999   -1.5610369925   3.8135383619
C   -3.234300807    1.8391132722   1.473722422
C    2.8888886202  -0.6288425485   2.8930507587
C   -0.5411428224   0.1137298792   2.8650025332
H   -2.7311272992   2.5850659938   0.861723731
H    2.3578591165   0.2493547286   3.2472999091
H   -0.615938989    1.1772688219   2.6569209038
H   -0.9572640871   0.3558795863   4.9649695022
H   -3.8442359875   3.2674792378   2.9703423738
H    3.2268565529  -1.3959737327   4.8765772445
H   -0.8130428381  -2.0665660363   5.4739855827
H   -5.007036451    1.5915731975   4.3772706895
H    4.4346776452  -3.4185195772   4.1050621146
H   -0.320522591   -3.7006275454   3.6683501579
H   -5.0890411954  -0.7920166478   3.6837371016
H    4.8095078396  -3.8058971728   1.6789880686
C   -1.1846662041   0.1592946195  -0.4111817263
C    3.504422689    1.3661248775   0.4487556437
C    1.2046255822   0.4413674819   0.1637978184
C   -3.459423963    0.4287244657  -1.4024719475
H   -3.2297900129   1.4922479927  -1.5397880774
H   -3.1749086946  -0.1022796514  -2.3179899738
H   -4.5408251313   0.327540035   -1.2691740044
