 C    -0.186169863      0.6742639687    -0.3348978488
 C     5.1842653736    -0.1448160558     0.0963849432
 C     2.5751277454     0.3815337691    -0.7002691624
 H     1.0841525176    -1.0866419407    -0.2409768862
 H     1.3275404868     0.0577063457     1.0508275594
 C    -2.7791748869    -0.2143223812     0.1168753813
 H     3.3761802528    -0.2512217317     1.2208290683
 H    -1.0527209616    -0.218501743      1.4231307571
 H     3.4702874622    -1.4600414325    -0.0313388083
 H    -0.9560724801    -1.3190777554     0.0757426702
 C    -0.4723180706     0.9961249912    -1.8032679567
 C     5.8296381857     0.0457565325    -1.2783002284
 C    -3.2251445031    -0.8009307618    -1.2252425284
 C     2.6320669934    -0.0749431446    -2.1615528457
 C    -4.0454201989     0.105761389     -1.9219254551
 C     2.8951808243     1.0088871297    -3.0172036006
 C     6.5609281659     1.2505492054    -1.3205529767
 C    -0.6716762801     2.381434694     -1.9762487752
 C    -0.5362637413     3.0459838565    -0.6767862202
 C     6.4342714588     1.9251813605    -0.0241670866
 C     3.0295318835     2.2200594583    -2.2023267768
 C    -4.1816047331     1.3234239588    -1.1154700285
 C     2.8439181312     1.8804769937    -0.8462513888
 C    -3.4424683691     1.1644756616     0.0747106192
 C     5.6294933048     1.1319440942     0.81463931
 C    -0.2538908792     2.0693751675     0.2942375005
 C    -0.088633914      2.4329994428     1.6264869409
 C     5.3979379951     1.5174158191     2.1306380707
 C    -3.4841027812     2.1526401276     1.0531462867
 C     2.9357114282     2.8659155054     0.1311970932
 C    -0.2040436116     3.7805145558     1.9875906265
 C     5.951478866      2.7139848773     2.6009353812
 C     3.2105792692     4.1835820771    -0.2460335827
 C    -4.2263037255     3.3155424219     0.821875529
 C     3.3921110148     4.5163721829    -1.5923660532
 C    -4.9352358342     3.4826039025    -0.3722408955
 C    -0.4823160878     4.7507619293     1.0191116006
 C     6.734946303      3.5110713871     1.7597509533
 C    -0.6500019548     4.3898679438    -0.3194741714
 C     6.9856024175     3.1196084179     0.4428981548
 C    -4.9228292728     2.4838471567    -1.346904434
 C     3.3020447796     3.5358421846    -2.5807279861
 H     3.4457738574     3.7933329431    -3.6269905572
 H    -5.4895084597     2.6062942099    -2.2665461897
 H    -0.8674838164     5.1472329699    -1.067954759
 H     7.6039310764     3.7370660875    -0.2037597686
 H    -0.5689614149     5.794224917      1.31116531
 H     7.1586650221     4.4384202032     2.1365001542
 H    -5.5067500746     4.3921913179    -0.5383259091
 H     3.605625895      5.5454674674    -1.8702044889
 H    -0.0760229173     4.0744564616     3.0263307941
 H     5.773851827      3.023918458      3.6274993465
 H     3.2838032888     4.9535848619     0.5165562424
 H    -4.2480206577     4.0963309135     1.5771930415
 H     0.1292619609     1.6873399092     2.3890172499
 H     4.7943644627     0.9030725135     2.7957108876
 H     2.7981871838     2.6267299215     1.1795400029
 H    -2.9363058171     2.0410790948     1.9837216935
 C     7.2879005738     1.6054868277    -2.4586523946
 C    -0.956306214      2.9121986936    -3.2355092207
 C    -4.6000490436    -0.2411743566    -3.1551643511
 C     2.9928649767     0.8171209815    -4.3956964811
 C     7.2927258462     0.7403548938    -3.553785224
 C    -1.0463550994     2.0476462431    -4.3267263854
 C    -4.3367294653    -1.5068751576    -3.6833736419
 C     2.8272501181    -0.4691554244    -4.913843412
 C     6.5902152485    -0.4681367414    -3.5045657256
 C    -0.8555367856     0.672312283     -4.1585068746
 C    -3.5365813974    -2.4161445495    -2.9834860324
 C     2.5694892009    -1.5499653051    -4.0640722225
 C    -2.9799885296    -2.0663337981    -1.7476971052
 C     2.4711640763    -1.3548249044    -2.6813174595
 C     5.8632583779    -0.8235679937    -2.3636168484
 C    -0.5689535413     0.1422567628    -2.897071352
 H    -2.3634263572    -2.7840374577    -1.2101279888
 H     2.2692229312    -2.2035465015    -2.0301519675
 H    -0.4253412939    -0.9264058098    -2.7850821516
 H     5.3201178131    -1.7632641038    -2.3431844306
 H     6.6055383674    -1.13752248      -4.3603334158
 H    -0.9304449163     0.0065785317    -5.0134754153
 H    -3.3484298954    -3.4022662332    -3.40016487
 H     2.4435555401    -2.5466626384    -4.4793719043
 H     7.85283369       1.0035491333    -4.4474133227
 H    -1.2681509889     2.4453434262    -5.3138816285
 H    -4.7628511413    -1.7903915198    -4.6422571483
 H     2.9005003762    -0.6319215501    -5.9861027713
 H     7.8492362768     2.5359502071    -2.4910357287
 H    -1.1081035344     3.9806884563    -3.3658180269
 H    -5.2305407096     0.4585233752    -3.697993397
 H     3.1955587737     1.6531610462    -5.0599676748
 C     5.851213524     -1.3619315944     0.7973258236
 H     6.9342404313    -1.2211535389     0.8655792396
 H     5.4585762652    -1.4913388782     1.8129990585
 H     5.6594364784    -2.2847131619     0.2380017185
 C    -1.2316193012    -0.2910723218     0.3426644107
 C     3.6400694998    -0.3935726199     0.1654674259
 C     1.200528961     -0.0151721492    -0.036361796
 C    -3.4259399398    -1.0471835689     1.2590661011
 H    -3.0172536058    -2.0646025145     1.2796636542
 H    -3.2341150837    -0.5832745681     2.2332893382
 H    -4.5090346291    -1.1172232321     1.1198357988